ASL Sign Language Recognition - Classification Report
============================================================

              precision    recall  f1-score   support

           A       0.86      0.85      0.85       837
           B       0.81      0.92      0.87       812
           C       0.89      0.79      0.84       707
           D       0.92      0.84      0.88       823
           E       0.76      0.74      0.75       809
           F       0.86      0.87      0.86       898
           G       0.68      0.83      0.75       828
           H       0.80      0.66      0.72       806
           I       0.75      0.70      0.72       773
           J       0.71      0.71      0.71       855
           K       0.65      0.72      0.68       940
           L       0.69      0.89      0.78       906
           M       0.85      0.82      0.83       709
           N       0.89      0.88      0.89       655
           O       0.88      0.91      0.90       851
           P       0.90      0.83      0.86       808
           Q       0.84      0.93      0.89       818
           R       0.82      0.67      0.74       908
           S       0.67      0.72      0.70       908
           T       0.81      0.77      0.79       870
           U       0.54      0.66      0.59       903
           V       0.77      0.64      0.70       908
           W       0.97      0.92      0.95       891
           X       0.74      0.66      0.70       823
           Y       0.79      0.88      0.84       917
           Z       0.87      0.69      0.77       870

    accuracy                           0.79     21833
   macro avg       0.80      0.79      0.79     21833
weighted avg       0.79      0.79      0.79     21833
