ASL Sign Language Recognition - SVM Classification Report
============================================================

              precision    recall  f1-score   support

           A       0.99      1.00      0.99       837
           B       0.99      1.00      1.00       812
           C       0.99      1.00      1.00       707
           D       0.99      0.99      0.99       823
           E       0.99      1.00      0.99       809
           F       1.00      0.99      0.99       898
           G       0.99      0.99      0.99       828
           H       0.98      0.97      0.97       806
           I       0.96      0.91      0.93       773
           J       0.94      0.97      0.96       855
           K       0.99      0.99      0.99       940
           L       0.99      1.00      1.00       906
           M       0.98      0.99      0.99       709
           N       0.99      0.98      0.99       655
           O       0.99      1.00      1.00       851
           P       1.00      1.00      1.00       808
           Q       0.99      1.00      1.00       818
           R       0.99      0.98      0.99       908
           S       1.00      0.99      1.00       908
           T       1.00      0.99      1.00       870
           U       0.98      1.00      0.99       903
           V       0.99      0.99      0.99       908
           W       0.99      0.99      0.99       891
           X       0.99      0.99      0.99       823
           Y       1.00      1.00      1.00       917
           Z       1.00      1.00      1.00       870

    accuracy                           0.99     21833
   macro avg       0.99      0.99      0.99     21833
weighted avg       0.99      0.99      0.99     21833
